Sentinel scores: 100.0, 86.7, 100.0, 93.3, 93.3, 100.0, 93.3, 100.0, 100.0, 100.0, 86.7, 93.3, 53.3, 100.0, 53.3, 93.3, 100.0, 93.3, 93.3, 93.3, 100.0, 86.7, 100.0, 86.7, 93.3, 100.0, 100.0, 93.3, 100.0, 100.0, 100.0, 100.0, 100.0, 100.0, 100.0, 100.0, 100.0, 93.3, 80.0, 100.0, 100.0, 100.0, 100.0, 100.0, 93.3, 93.3, 100.0, 100.0, 86.7, 100.0, 100.0, 100.0, 100.0, 100.0, 100.0, 100.0
Removing [8/56] Turkers with scores [86.7, 86.7, 53.3, 53.3, 86.7, 86.7, 80.0, 86.7]
Needed: 2 
Done: [1 0 0 0 0 0 2 1 2 0 1 1 0 0 1 1 1 0 1 1 2 1 1 1 0 0 0 1 2 0 1 1 0 0 0 1 0
 2 1 0 0 1 0 2 0 0 0 0 1 1 0 0 0 1 0 0 0 1 0 0 2 2 2 1 0 0 1 1 0 0 1 0 1 0
 1 0 1 0 0 1]
Not Done: [1 2 2 2 2 2 0 1 0 2 1 1 2 2 1 1 1 2 1 1 0 1 1 1 2 2 2 1 0 2 1 1 2 2 2 1 2
 0 1 2 2 1 2 0 2 2 2 2 1 1 2 2 2 1 2 2 2 1 2 2 0 0 0 1 2 2 1 1 2 2 1 2 1 2
 1 2 1 2 2 1]
Writing ./results0.csv ==> results0_pass48.csv
Writing ./results0.csv ==> results0_fail8.csv
Writing ./lowlevel_mit5k_L2_64.csv ==> lowlevel_mit5k_L2_64_rem112.csv
