Sentinel scores: 100.0, 100.0, 93.3, 93.3, 100.0, 93.3, 100.0, 100.0, 100.0, 93.3, 100.0, 93.3, 100.0, 93.3, 93.3, 93.3, 100.0, 100.0, 93.3, 100.0, 100.0, 93.3, 100.0, 100.0, 100.0, 100.0, 100.0, 100.0, 100.0, 100.0, 100.0, 93.3, 100.0, 100.0, 100.0, 100.0, 100.0, 93.3, 93.3, 100.0, 100.0, 100.0, 100.0, 100.0, 100.0, 100.0, 100.0, 100.0, 86.7, 93.3, 93.3, 86.7, 86.7, 100.0, 100.0, 100.0, 80.0, 100.0, 93.3, 100.0, 100.0, 100.0, 100.0, 100.0, 100.0, 100.0, 100.0, 100.0, 100.0, 100.0, 93.3, 86.7, 100.0, 93.3, 100.0, 86.7, 93.3, 86.7, 100.0, 100.0, 100.0, 100.0, 100.0, 93.3, 60.0, 86.7, 100.0, 93.3, 93.3, 100.0, 100.0, 100.0, 100.0, 93.3, 100.0, 100.0, 100.0, 93.3, 100.0, 100.0, 100.0, 100.0, 93.3, 100.0, 100.0, 100.0, 86.7, 93.3, 100.0, 93.3, 100.0, 100.0, 93.3, 80.0, 100.0, 93.3, 100.0, 86.7, 100.0, 100.0, 93.3, 80.0, 100.0, 100.0, 100.0, 100.0, 100.0, 100.0, 93.3, 100.0, 100.0, 100.0, 93.3, 100.0, 100.0, 0.0, 100.0, 100.0, 100.0, 100.0, 100.0, 93.3, 100.0, 86.7, 93.3, 100.0, 100.0, 100.0, 100.0, 100.0, 93.3, 100.0, 93.3, 100.0, 80.0, 66.7, 93.3, 93.3, 93.3, 100.0
Removing [17/160] Turkers with scores [86.7, 86.7, 86.7, 80.0, 86.7, 86.7, 86.7, 60.0, 86.7, 86.7, 80.0, 86.7, 80.0, 0.0, 86.7, 80.0, 66.7]
Needed: 2 
Done: [1 2 0 2 1 2 2 2 2 2 2 2 2 2 2 2 2 1 2 2 2 1 2 1 2 2 2 1 2 1 2 2 2 2 2 2 2
 2 2 2 2 2 2 2 1 2 2 1 2 2 1 2 1 2 2 2 2 2 2 2 2 2 2 2 1 2 2 2 2 1 2 2 2 2
 2 2 1 1 2 2]
Not Done: [1 0 2 0 1 0 0 0 0 0 0 0 0 0 0 0 0 1 0 0 0 1 0 1 0 0 0 1 0 1 0 0 0 0 0 0 0
 0 0 0 0 0 0 0 1 0 0 1 0 0 1 0 1 0 0 0 0 0 0 0 0 0 0 0 1 0 0 0 0 1 0 0 0 0
 0 0 1 1 0 0]
Writing ./results1f.csv ==> results1f_pass.csv
Writing ./results1f.csv ==> results1f_fail.csv
Writing ./lowlevel_mit5k_L2_64.csv ==> lowlevel_mit5k_L2_64_results1f_rem17.csv
