Sentinel scores: 100.0, 100.0, 93.3, 93.3, 100.0, 93.3, 100.0, 100.0, 100.0, 93.3, 100.0, 93.3, 100.0, 93.3, 93.3, 93.3, 100.0, 100.0, 93.3, 100.0, 100.0, 93.3, 100.0, 100.0, 100.0, 100.0, 100.0, 100.0, 100.0, 100.0, 100.0, 93.3, 100.0, 100.0, 100.0, 100.0, 100.0, 93.3, 93.3, 100.0, 100.0, 100.0, 100.0, 100.0, 100.0, 100.0, 100.0, 100.0, 93.3, 93.3, 100.0, 100.0, 100.0, 100.0, 93.3, 100.0, 100.0, 100.0, 100.0, 100.0, 100.0, 100.0, 100.0, 100.0, 100.0, 100.0, 93.3, 100.0, 93.3, 100.0, 93.3, 100.0, 100.0, 100.0, 100.0, 100.0, 93.3, 100.0, 93.3, 93.3, 100.0, 100.0, 100.0, 100.0, 93.3, 100.0, 100.0, 100.0, 93.3, 100.0, 100.0, 100.0, 100.0, 93.3, 100.0, 100.0, 100.0, 93.3, 100.0, 93.3, 100.0, 100.0, 93.3, 100.0, 93.3, 100.0, 100.0, 100.0, 93.3, 100.0, 100.0, 100.0, 100.0, 100.0, 100.0, 93.3, 100.0, 100.0, 100.0, 93.3, 100.0, 100.0, 100.0, 100.0, 100.0, 100.0, 100.0, 93.3, 100.0, 93.3, 100.0, 100.0, 100.0, 100.0, 100.0, 93.3, 100.0, 93.3, 100.0, 93.3, 93.3, 93.3, 100.0, 100.0, 46.7, 100.0, 100.0, 100.0, 100.0, 100.0, 100.0, 86.7, 93.3, 100.0, 100.0, 100.0, 100.0, 100.0, 100.0, 93.3
Removing [2/160] Turkers with scores [46.7, 86.7]
Needed: 2 
Done: [2 2 1 2 2 2 2 2 2 2 2 2 2 2 2 2 2 2 2 2 2 2 2 2 2 2 2 2 2 1 2 2 2 2 2 2 2
 2 2 2 2 2 2 2 2 2 2 2 2 2 2 2 2 2 2 2 2 2 2 2 2 2 2 2 2 2 2 2 2 2 2 2 2 2
 2 2 2 2 2 2]
Not Done: [0 0 1 0 0 0 0 0 0 0 0 0 0 0 0 0 0 0 0 0 0 0 0 0 0 0 0 0 0 1 0 0 0 0 0 0 0
 0 0 0 0 0 0 0 0 0 0 0 0 0 0 0 0 0 0 0 0 0 0 0 0 0 0 0 0 0 0 0 0 0 0 0 0 0
 0 0 0 0 0 0]
Writing ./results2f.csv ==> results2f_pass.csv
Writing ./results2f.csv ==> results2f_fail.csv
Writing ./lowlevel_mit5k_L2_64.csv ==> lowlevel_mit5k_L2_64_results2f_rem2.csv
