Sentinel scores: 94.7, 100.0, 100.0, 100.0, 89.5, 100.0, 100.0, 100.0, 100.0, 94.7, 94.7, 100.0, 94.7, 94.7, 100.0, 100.0, 94.7, 100.0, 94.7, 100.0, 100.0, 100.0, 100.0, 89.5, 100.0, 94.7, 100.0, 100.0, 100.0, 100.0, 100.0, 100.0, 100.0, 94.7, 100.0, 94.7, 89.5, 100.0, 100.0, 94.7, 94.7, 100.0, 100.0, 100.0, 100.0, 100.0, 100.0, 94.7, 100.0, 100.0, 94.7, 100.0, 100.0, 94.7, 100.0, 100.0, 100.0, 100.0, 100.0, 100.0, 100.0, 100.0, 94.7, 89.5, 100.0, 94.7, 100.0, 100.0, 100.0, 94.7, 100.0, 100.0, 100.0, 94.7, 100.0, 100.0, 100.0, 84.2, 100.0, 52.6
Removing [2/80] Turkers with scores [84.2, 52.6]
Needed: 2 
Done: [2 2 2 2 2 2 2 2 2 2 2 2 2 1 2 2 2 2 2 2 2 2 2 2 2 2 2 2 2 2 2 2 2 2 1 2 2
 2 2 2]
Not Done: [0 0 0 0 0 0 0 0 0 0 0 0 0 1 0 0 0 0 0 0 0 0 0 0 0 0 0 0 0 0 0 0 0 0 1 0 0
 0 0 0]
Writing ./results1f.csv ==> results1f_pass.csv
Writing ./results1f.csv ==> results1f_fail.csv
Writing ./highlevel_mit5k_64_set2.csv ==> highlevel_mit5k_64_set2_results1f_rem2.csv
