Sentinel scores: 94.7, 100.0, 100.0, 100.0, 89.5, 100.0, 100.0, 100.0, 100.0, 94.7, 94.7, 100.0, 94.7, 94.7, 100.0, 100.0, 94.7, 100.0, 94.7, 100.0, 100.0, 100.0, 100.0, 89.5, 100.0, 94.7, 100.0, 84.2, 100.0, 100.0, 100.0, 100.0, 100.0, 100.0, 57.9, 94.7, 100.0, 94.7, 89.5, 100.0, 100.0, 94.7, 94.7, 100.0, 100.0, 100.0, 100.0, 100.0, 100.0, 94.7, 100.0, 100.0, 94.7, 100.0, 100.0, 94.7, 100.0, 100.0, 100.0, 100.0, 100.0, 100.0, 100.0, 100.0, 94.7, 89.5, 100.0, 94.7, 100.0, 73.7, 100.0, 100.0, 94.7, 100.0, 100.0, 100.0, 94.7, 100.0, 100.0, 100.0
Removing [3/80] Turkers with scores [84.2, 57.9, 73.7]
Needed: 2 
Done: [2 2 2 2 2 2 2 2 2 2 2 2 2 1 2 2 2 1 2 2 2 2 2 2 2 2 2 2 2 2 2 2 2 2 1 2 2
 2 2 2]
Not Done: [0 0 0 0 0 0 0 0 0 0 0 0 0 1 0 0 0 1 0 0 0 0 0 0 0 0 0 0 0 0 0 0 0 0 1 0 0
 0 0 0]
Writing ./results0f.csv ==> results0f_pass.csv
Writing ./results0f.csv ==> results0f_fail.csv
Writing ./highlevel_mit5k_64_set2.csv ==> highlevel_mit5k_64_set2_results0f_rem3.csv
