Sentinel scores: 100.0, 92.9, 100.0, 100.0, 100.0, 100.0, 100.0, 100.0, 100.0, 100.0, 100.0, 92.9, 100.0, 100.0, 100.0, 100.0, 100.0, 100.0, 92.9, 92.9, 100.0, 100.0, 92.9, 100.0, 100.0, 100.0, 100.0, 100.0, 100.0, 100.0, 100.0, 100.0, 100.0, 100.0, 100.0, 100.0, 92.9, 100.0, 100.0, 100.0, 100.0, 100.0, 100.0, 100.0, 100.0, 100.0, 100.0, 100.0, 100.0, 100.0, 92.9, 100.0, 92.9, 100.0, 100.0, 100.0, 92.9, 100.0, 100.0, 92.9, 100.0, 100.0, 100.0, 100.0, 100.0, 100.0, 100.0, 100.0, 100.0, 100.0, 92.9, 100.0, 100.0, 100.0, 92.9, 100.0, 100.0, 100.0, 100.0, 100.0, 100.0, 92.9, 100.0, 92.9, 100.0, 100.0, 100.0, 92.9, 100.0, 100.0, 100.0, 100.0, 100.0, 92.9, 100.0, 100.0, 100.0, 100.0, 100.0, 100.0, 100.0, 92.9, 100.0, 100.0, 100.0, 100.0, 100.0, 100.0, 100.0, 100.0, 100.0, 100.0, 92.9, 100.0, 92.9, 100.0, 92.9, 100.0, 92.9, 100.0, 100.0, 92.9, 100.0, 100.0, 100.0, 100.0, 100.0, 100.0, 100.0, 100.0, 100.0, 92.9, 92.9, 100.0, 100.0, 100.0, 100.0, 100.0, 100.0, 100.0, 100.0, 100.0, 100.0, 100.0, 100.0, 100.0, 100.0, 100.0, 100.0, 78.6, 100.0, 78.6, 100.0, 92.9, 100.0, 100.0, 100.0, 100.0, 92.9, 100.0
Removing [2/160] Turkers with scores [78.6, 78.6]
Needed: 2 
Done: [2 2 2 2 2 2 2 2 2 2 1 2 2 2 2 2 2 2 2 2 2 2 2 2 2 1 2 2 2 2 2 2 2 2 2 2 2
 2 2 2 2 2 2 2 2 2 2 2 2 2 2 2 2 2 2 2 2 2 2 2 2 2 2 2 2 2 2 2 2 2 2 2 2 2
 2 2 2 2 2 2]
Not Done: [0 0 0 0 0 0 0 0 0 0 1 0 0 0 0 0 0 0 0 0 0 0 0 0 0 1 0 0 0 0 0 0 0 0 0 0 0
 0 0 0 0 0 0 0 0 0 0 0 0 0 0 0 0 0 0 0 0 0 0 0 0 0 0 0 0 0 0 0 0 0 0 0 0 0
 0 0 0 0 0 0]
Writing ./results2f.csv ==> results2f_pass.csv
Writing ./results2f.csv ==> results2f_fail.csv
Writing ./lowlevel_mit5k_dssim_64.csv ==> lowlevel_mit5k_dssim_64_results2f_rem2.csv
