Sentinel scores: 100.0, 93.3, 100.0, 100.0, 100.0, 100.0, 100.0, 100.0, 100.0, 100.0, 100.0, 93.3, 100.0, 100.0, 100.0, 100.0, 100.0, 100.0, 93.3, 93.3, 100.0, 100.0, 93.3, 100.0, 73.3, 100.0, 80.0, 100.0, 100.0, 100.0, 100.0, 100.0, 100.0, 100.0, 100.0, 100.0, 100.0, 100.0, 93.3, 100.0, 100.0, 100.0, 100.0, 100.0, 100.0, 100.0, 100.0, 100.0, 80.0, 100.0, 100.0, 100.0, 100.0, 93.3, 100.0, 93.3, 80.0, 100.0, 100.0
Removing [4/59] Turkers with scores [73.3, 80.0, 80.0, 80.0]
Needed: 2 
Done: [1 0 2 0 0 1 1 2 0 0 0 1 0 0 2 0 1 2 2 0 1 0 2 0 0 0 0 1 1 1 1 2 0 0 0 0 1
 0 1 0 0 0 1 0 0 0 0 2 0 0 2 2 1 1 0 0 1 1 1 1 1 0 1 1 0 0 2 1 1 0 0 2 0 2
 2 1 1 0 0 1]
Not Done: [1 2 0 2 2 1 1 0 2 2 2 1 2 2 0 2 1 0 0 2 1 2 0 2 2 2 2 1 1 1 1 0 2 2 2 2 1
 2 1 2 2 2 1 2 2 2 2 0 2 2 0 0 1 1 2 2 1 1 1 1 1 2 1 1 2 2 0 1 1 2 2 0 2 0
 0 1 1 2 2 1]
Writing ./results0.csv ==> results0_pass55.csv
Writing ./results0.csv ==> results0_fail4.csv
Writing ./lowlevel_mit5k_dssim_64.csv ==> lowlevel_mit5k_dssim_64_rem105.csv
