Sentinel scores: 100.0, 92.9, 100.0, 100.0, 100.0, 100.0, 100.0, 100.0, 100.0, 100.0, 100.0, 92.9, 100.0, 100.0, 100.0, 100.0, 100.0, 100.0, 92.9, 92.9, 100.0, 100.0, 92.9, 100.0, 100.0, 100.0, 100.0, 100.0, 100.0, 100.0, 100.0, 100.0, 100.0, 100.0, 100.0, 100.0, 92.9, 100.0, 100.0, 100.0, 100.0, 100.0, 100.0, 100.0, 100.0, 100.0, 100.0, 100.0, 100.0, 100.0, 92.9, 100.0, 92.9, 100.0, 100.0, 100.0, 92.9, 100.0, 100.0, 92.9, 100.0, 100.0, 100.0, 100.0, 100.0, 100.0, 100.0, 64.3, 100.0, 78.6, 100.0, 100.0, 85.7, 92.9, 100.0, 100.0, 100.0, 92.9, 100.0, 100.0, 100.0, 100.0, 100.0, 100.0, 92.9, 100.0, 92.9, 85.7, 100.0, 78.6, 100.0, 100.0, 92.9, 85.7, 100.0, 100.0, 100.0, 100.0, 100.0, 92.9, 100.0, 100.0, 100.0, 100.0, 100.0, 100.0, 100.0, 92.9, 100.0, 100.0, 100.0, 100.0, 100.0, 100.0, 100.0, 85.7, 100.0, 100.0, 100.0, 92.9, 100.0, 92.9, 100.0, 92.9, 100.0, 92.9, 100.0, 100.0, 78.6, 92.9, 100.0, 100.0, 100.0, 100.0, 100.0, 71.4, 100.0, 100.0, 57.1, 100.0, 100.0, 92.9, 92.9, 100.0, 100.0, 42.9, 100.0, 100.0, 100.0, 100.0, 100.0, 50.0, 100.0, 100.0, 100.0, 100.0, 100.0, 100.0, 100.0, 100.0
Removing [12/160] Turkers with scores [64.3, 78.6, 85.7, 85.7, 78.6, 85.7, 85.7, 78.6, 71.4, 57.1, 42.9, 50.0]
Needed: 2 
Done: [2 2 2 2 2 2 2 2 2 1 1 2 1 2 2 2 2 2 2 2 2 2 2 2 2 1 1 2 2 1 2 2 2 2 2 2 2
 2 2 2 2 2 2 1 2 2 2 2 2 2 2 2 2 2 1 2 2 2 2 1 2 1 2 2 2 2 2 1 2 2 2 2 1 2
 2 2 2 2 2 2]
Not Done: [0 0 0 0 0 0 0 0 0 1 1 0 1 0 0 0 0 0 0 0 0 0 0 0 0 1 1 0 0 1 0 0 0 0 0 0 0
 0 0 0 0 0 0 1 0 0 0 0 0 0 0 0 0 0 1 0 0 0 0 1 0 1 0 0 0 0 0 1 0 0 0 0 1 0
 0 0 0 0 0 0]
Writing ./results1f.csv ==> results1f_pass.csv
Writing ./results1f.csv ==> results1f_fail.csv
Writing ./lowlevel_mit5k_dssim_64.csv ==> lowlevel_mit5k_dssim_64_results1f_rem12.csv
