Sentinel scores: 100.0, 100.0, 100.0, 100.0, 71.4, 100.0, 100.0, 100.0, 100.0, 92.9, 100.0, 100.0, 100.0, 100.0, 100.0, 100.0, 100.0, 100.0, 100.0, 100.0, 92.9, 100.0, 100.0, 100.0, 92.9, 100.0, 100.0, 92.9, 100.0, 100.0, 92.9, 100.0, 100.0, 100.0, 100.0, 100.0, 100.0, 100.0, 100.0, 100.0, 92.9, 100.0, 100.0, 100.0, 0.0, 100.0, 100.0, 100.0, 100.0, 100.0, 50.0, 100.0, 100.0, 100.0, 100.0, 85.7, 100.0, 100.0, 100.0, 92.9, 100.0, 100.0, 100.0, 100.0, 100.0, 100.0, 100.0, 100.0, 92.9, 92.9, 100.0, 100.0, 100.0, 100.0, 100.0, 92.9
Removing [4/76] Turkers with scores [71.4, 0.0, 50.0, 85.7]
Needed: 2 
Done: [1 1 0 2 1 0 1 2 2 1 2 0 2 1 1 0 1 2 0 1 2 0 0 1 0 0 1 2 0 1 2 1 0 2 0 1 1
 0 1 0 2 2 1 2 0 2 1 1 1 1 0 1 2 0 1 0 1 1 0 0 0 2 1 0 1 2 0 1 2 1 0 0 2 1
 0 1 0 1 2 0]
Not Done: [1 1 2 0 1 2 1 0 0 1 0 2 0 1 1 2 1 0 2 1 0 2 2 1 2 2 1 0 2 1 0 1 2 0 2 1 1
 2 1 2 0 0 1 0 2 0 1 1 1 1 2 1 0 2 1 2 1 1 2 2 2 0 1 2 1 0 2 1 0 1 2 2 0 1
 2 1 2 1 0 2]
Writing ./results0.csv ==> results0_pass72.csv
Writing ./results0.csv ==> results0_fail4.csv
Writing ./highlevel_mit5k_64.csv ==> highlevel_mit5k_64_rem88.csv
