Sentinel scores: 100.0, 100.0, 100.0, 100.0, 100.0, 100.0, 100.0, 100.0, 92.9, 100.0, 100.0, 100.0, 100.0, 100.0, 100.0, 100.0, 100.0, 100.0, 100.0, 92.9, 100.0, 100.0, 100.0, 92.9, 100.0, 100.0, 92.9, 100.0, 100.0, 92.9, 100.0, 100.0, 100.0, 100.0, 100.0, 100.0, 100.0, 100.0, 100.0, 92.9, 100.0, 100.0, 100.0, 100.0, 100.0, 100.0, 100.0, 100.0, 100.0, 100.0, 100.0, 100.0, 100.0, 100.0, 100.0, 92.9, 100.0, 100.0, 100.0, 100.0, 100.0, 100.0, 100.0, 100.0, 92.9, 92.9, 100.0, 100.0, 100.0, 100.0, 100.0, 92.9, 100.0, 100.0, 100.0, 100.0, 100.0, 100.0, 100.0, 100.0, 92.9, 100.0, 100.0, 100.0, 71.4, 92.9, 100.0, 100.0, 100.0, 100.0, 100.0, 100.0, 92.9, 100.0, 100.0, 78.6, 92.9, 100.0, 100.0, 100.0, 92.9, 100.0, 100.0, 92.9, 100.0, 100.0, 100.0, 92.9, 100.0, 100.0, 92.9, 100.0, 100.0, 92.9, 100.0, 100.0, 100.0, 100.0, 100.0, 100.0, 100.0, 100.0, 100.0, 100.0, 100.0, 100.0, 100.0, 100.0, 100.0, 100.0, 85.7, 92.9, 100.0, 100.0, 100.0, 100.0, 100.0, 92.9, 92.9, 92.9, 100.0, 100.0, 78.6, 100.0, 100.0, 100.0, 100.0, 100.0, 100.0, 92.9, 100.0, 100.0, 85.7, 100.0, 100.0, 100.0, 100.0, 100.0, 92.9, 100.0
Removing [5/160] Turkers with scores [71.4, 78.6, 85.7, 78.6, 85.7]
Needed: 2 
Done: [2 1 2 2 2 2 2 2 2 2 2 2 2 2 2 2 2 2 2 2 2 2 2 2 2 2 2 2 2 2 2 2 2 2 1 2 2
 2 2 1 2 2 2 2 2 2 2 2 2 1 2 1 2 2 2 2 2 2 2 2 2 2 2 2 2 2 2 2 2 2 2 2 2 2
 2 2 2 2 2 2]
Not Done: [0 1 0 0 0 0 0 0 0 0 0 0 0 0 0 0 0 0 0 0 0 0 0 0 0 0 0 0 0 0 0 0 0 0 1 0 0
 0 0 1 0 0 0 0 0 0 0 0 0 1 0 1 0 0 0 0 0 0 0 0 0 0 0 0 0 0 0 0 0 0 0 0 0 0
 0 0 0 0 0 0]
Writing ./results1f.csv ==> results1f_pass.csv
Writing ./results1f.csv ==> results1f_fail.csv
Writing ./highlevel_mit5k_64.csv ==> highlevel_mit5k_64_results1f_rem5.csv
