Sentinel scores: 94.7, 100.0, 100.0, 100.0, 89.5, 100.0, 100.0, 100.0, 100.0, 94.7, 94.7, 100.0, 94.7, 94.7, 100.0, 100.0, 94.7, 100.0, 94.7, 100.0, 100.0, 100.0, 100.0, 89.5, 100.0, 94.7, 100.0, 100.0, 100.0, 100.0, 100.0, 100.0, 100.0, 94.7, 100.0, 94.7, 89.5, 100.0, 100.0, 94.7, 94.7, 100.0, 100.0, 100.0, 100.0, 100.0, 100.0, 94.7, 100.0, 100.0, 94.7, 100.0, 100.0, 94.7, 100.0, 100.0, 100.0, 100.0, 100.0, 100.0, 100.0, 100.0, 94.7, 89.5, 100.0, 94.7, 100.0, 100.0, 100.0, 94.7, 100.0, 100.0, 100.0, 94.7, 100.0, 100.0, 100.0, 100.0, 94.7, 100.0
Removing [0/80] Turkers with scores []
Needed: 2 
Done: [2 2 2 2 2 2 2 2 2 2 2 2 2 2 2 2 2 2 2 2 2 2 2 2 2 2 2 2 2 2 2 2 2 2 2 2 2
 2 2 2]
Not Done: [0 0 0 0 0 0 0 0 0 0 0 0 0 0 0 0 0 0 0 0 0 0 0 0 0 0 0 0 0 0 0 0 0 0 0 0 0
 0 0 0]
Writing results_total.csv ==> results_total_pass80.csv
Writing results_total.csv ==> results_total_fail0.csv
Writing ./highlevel_mit5k_64_set2.csv ==> highlevel_mit5k_64_set2_rem0.csv
