Sentinel scores: 100.0, 93.3, 100.0, 100.0, 100.0, 93.3, 93.3, 100.0, 100.0, 100.0, 100.0, 100.0, 100.0, 100.0, 100.0, 100.0, 93.3, 100.0, 100.0, 93.3, 100.0, 100.0, 100.0, 100.0, 100.0, 100.0, 93.3, 100.0, 100.0, 100.0, 100.0, 100.0, 93.3, 100.0, 100.0, 100.0, 100.0, 100.0, 100.0, 100.0, 100.0, 100.0, 100.0, 100.0, 100.0, 100.0, 93.3, 100.0, 100.0, 100.0, 93.3, 100.0, 100.0, 100.0, 100.0, 100.0, 100.0, 100.0, 93.3, 100.0, 100.0, 100.0, 100.0, 100.0, 100.0, 100.0, 100.0, 100.0, 100.0, 100.0, 100.0, 100.0, 100.0, 100.0, 100.0, 100.0, 100.0, 93.3, 100.0, 100.0, 100.0, 100.0, 100.0, 100.0, 100.0, 100.0, 100.0, 93.3, 100.0, 100.0, 100.0, 100.0, 93.3, 100.0, 100.0, 100.0, 100.0, 93.3, 93.3, 100.0, 100.0, 93.3, 93.3, 100.0, 93.3, 100.0, 100.0, 93.3, 93.3, 100.0, 100.0, 100.0, 100.0, 100.0, 100.0, 100.0, 100.0, 93.3, 93.3, 93.3, 100.0, 100.0, 100.0, 100.0, 100.0, 100.0, 100.0, 100.0, 100.0, 100.0, 93.3, 100.0, 100.0, 100.0, 100.0, 93.3, 80.0, 100.0, 100.0, 100.0, 100.0, 93.3, 100.0, 100.0, 100.0, 100.0, 100.0, 100.0, 100.0, 100.0, 93.3, 93.3, 100.0, 100.0, 100.0, 100.0, 86.7, 100.0, 100.0, 100.0
Removing [2/160] Turkers with scores [80.0, 86.7]
Needed: 2 
Done: [2 1 2 2 2 2 2 2 2 2 2 2 2 2 2 2 2 2 2 2 2 2 2 2 2 2 2 2 2 2 2 2 2 2 2 2 2
 2 2 2 2 2 2 2 2 2 2 2 2 2 2 2 2 2 2 2 2 2 2 1 2 2 2 2 2 2 2 2 2 2 2 2 2 2
 2 2 2 2 2 2]
Not Done: [0 1 0 0 0 0 0 0 0 0 0 0 0 0 0 0 0 0 0 0 0 0 0 0 0 0 0 0 0 0 0 0 0 0 0 0 0
 0 0 0 0 0 0 0 0 0 0 0 0 0 0 0 0 0 0 0 0 0 0 1 0 0 0 0 0 0 0 0 0 0 0 0 0 0
 0 0 0 0 0 0]
Writing ./results1f.csv ==> results1f_pass.csv
Writing ./results1f.csv ==> results1f_fail.csv
Writing ./mix_mit5k_L2_64.csv ==> mix_mit5k_L2_64_results1f_rem2.csv
