Sentinel scores: 100.0, 93.3, 100.0, 86.7, 86.7, 80.0, 100.0, 100.0, 93.3, 93.3, 100.0, 100.0, 100.0, 100.0, 100.0, 100.0, 100.0, 100.0, 86.7, 100.0, 86.7, 93.3, 100.0, 100.0, 93.3, 100.0, 100.0, 73.3, 100.0, 100.0, 100.0, 100.0, 93.3, 80.0, 46.7, 100.0, 60.0, 100.0, 100.0, 86.7, 100.0, 100.0, 93.3, 100.0, 100.0, 86.7, 100.0, 100.0, 100.0, 100.0, 46.7, 100.0, 100.0, 100.0, 100.0, 100.0, 100.0, 100.0, 86.7, 93.3, 100.0, 100.0, 100.0, 40.0, 93.3, 100.0, 100.0, 100.0, 100.0, 100.0, 100.0, 100.0, 53.3, 93.3, 100.0, 100.0, 73.3, 100.0, 100.0, 100.0, 100.0, 100.0, 100.0, 100.0, 100.0, 100.0, 100.0, 100.0, 80.0, 100.0, 100.0, 100.0, 100.0, 100.0, 93.3, 100.0, 100.0, 100.0, 100.0, 100.0, 100.0, 100.0, 80.0, 100.0, 100.0, 93.3, 100.0, 100.0, 86.7, 100.0, 100.0, 93.3, 100.0, 100.0, 100.0, 100.0, 93.3, 73.3, 86.7, 93.3, 100.0, 100.0, 93.3, 93.3, 100.0, 93.3, 100.0, 100.0, 93.3, 93.3, 100.0, 100.0, 100.0, 86.7, 100.0, 100.0, 100.0, 100.0, 100.0, 93.3, 93.3, 93.3, 100.0, 100.0, 100.0, 100.0, 100.0, 100.0, 100.0, 86.7, 100.0, 100.0, 100.0, 93.3, 100.0, 100.0, 100.0, 100.0, 73.3, 93.3
Removing [24/160] Turkers with scores [86.7, 86.7, 80.0, 86.7, 86.7, 73.3, 80.0, 46.7, 60.0, 86.7, 86.7, 46.7, 86.7, 40.0, 53.3, 73.3, 80.0, 80.0, 86.7, 73.3, 86.7, 86.7, 86.7, 73.3]
Needed: 2 
Done: [2 1 0 2 2 2 2 2 2 1 1 2 2 1 2 2 1 1 1 1 2 2 1 2 2 1 2 2 2 1 2 1 2 2 2 2 1
 2 1 2 2 2 2 2 1 2 2 2 2 2 2 1 2 2 1 2 2 2 1 1 2 2 2 2 2 2 1 2 2 2 2 2 2 2
 1 2 2 2 2 1]
Not Done: [0 1 2 0 0 0 0 0 0 1 1 0 0 1 0 0 1 1 1 1 0 0 1 0 0 1 0 0 0 1 0 1 0 0 0 0 1
 0 1 0 0 0 0 0 1 0 0 0 0 0 0 1 0 0 1 0 0 0 1 1 0 0 0 0 0 0 1 0 0 0 0 0 0 0
 1 0 0 0 0 1]
Writing ./results0f.csv ==> results0f_pass.csv
Writing ./results0f.csv ==> results0f_fail.csv
Writing ./mix_mit5k_L2_64.csv ==> mix_mit5k_L2_64_results0f_rem24.csv
