Sentinel scores: 100.0, 92.9, 42.9, 92.9, 100.0, 100.0, 100.0, 100.0, 100.0, 100.0, 100.0, 100.0, 100.0, 92.9, 64.3, 100.0, 92.9, 100.0, 92.9, 100.0, 92.9, 100.0, 85.7, 100.0, 92.9, 85.7, 100.0, 100.0, 100.0, 92.9, 100.0, 100.0, 100.0, 100.0, 100.0, 100.0, 100.0, 100.0, 57.1, 100.0, 100.0, 78.6, 100.0, 100.0, 100.0, 100.0, 100.0, 100.0, 100.0, 78.6, 100.0, 100.0, 100.0, 100.0, 100.0, 100.0, 100.0, 100.0, 85.7, 100.0, 100.0, 100.0, 100.0, 92.9, 100.0, 85.7, 100.0, 92.9, 100.0, 100.0, 100.0, 100.0, 78.6, 100.0, 100.0, 100.0, 100.0, 100.0, 85.7, 100.0, 100.0, 100.0, 100.0, 92.9, 100.0, 100.0, 100.0, 100.0, 100.0, 100.0, 71.4, 100.0, 92.9, 100.0, 100.0, 100.0, 100.0, 100.0, 100.0, 78.6, 100.0, 100.0, 100.0, 100.0, 92.9, 42.9, 100.0, 92.9, 100.0, 100.0, 92.9, 92.9, 100.0, 100.0, 100.0, 100.0, 100.0, 100.0, 100.0, 92.9, 100.0, 100.0, 100.0, 100.0, 100.0, 92.9, 100.0, 85.7, 100.0, 100.0, 21.4, 100.0, 100.0, 100.0, 100.0, 100.0, 64.3, 100.0, 100.0, 100.0, 100.0, 57.1, 100.0, 100.0, 100.0, 92.9, 100.0, 100.0, 92.9, 100.0, 100.0, 100.0, 100.0, 92.9, 100.0, 100.0, 85.7, 100.0, 100.0, 92.9
Removing [19/160] Turkers with scores [42.9, 64.3, 85.7, 85.7, 57.1, 78.6, 78.6, 85.7, 85.7, 78.6, 85.7, 71.4, 78.6, 42.9, 85.7, 21.4, 64.3, 57.1, 85.7]
Needed: 2 
Done: [2 1 2 2 2 2 2 1 2 2 2 1 1 2 2 2 2 2 2 1 1 2 2 2 1 2 2 2 2 1 2 2 1 2 2 2 1
 2 2 1 2 2 2 2 2 1 2 2 2 1 2 2 1 2 2 2 2 2 2 2 2 2 2 1 2 1 2 2 1 2 1 2 2 2
 2 2 2 2 1 2]
Not Done: [0 1 0 0 0 0 0 1 0 0 0 1 1 0 0 0 0 0 0 1 1 0 0 0 1 0 0 0 0 1 0 0 1 0 0 0 1
 0 0 1 0 0 0 0 0 1 0 0 0 1 0 0 1 0 0 0 0 0 0 0 0 0 0 1 0 1 0 0 1 0 1 0 0 0
 0 0 0 0 1 0]
Writing ./results0f.csv ==> results0f_pass.csv
Writing ./results0f.csv ==> results0f_fail.csv
Writing ./mix_mit5k_dssim_64.csv ==> mix_mit5k_dssim_64_results0f_rem19.csv
