Sentinel scores: 100.0, 100.0, 100.0, 100.0, 100.0, 100.0, 100.0, 93.3, 100.0, 100.0, 100.0, 100.0, 100.0, 100.0, 100.0, 100.0, 100.0, 100.0, 100.0, 100.0, 100.0, 100.0, 100.0, 100.0, 100.0, 100.0, 93.3, 100.0, 100.0, 100.0, 100.0, 100.0, 100.0, 100.0, 100.0, 93.3, 100.0, 100.0, 100.0, 100.0, 100.0, 100.0, 100.0, 100.0, 93.3, 100.0, 100.0, 100.0, 100.0, 100.0, 100.0, 100.0, 100.0, 100.0, 93.3, 100.0, 100.0, 100.0, 100.0, 100.0, 100.0, 100.0, 93.3, 100.0, 93.3, 100.0, 100.0, 93.3, 100.0, 93.3, 93.3, 100.0, 100.0, 100.0, 100.0, 100.0, 100.0, 100.0, 100.0, 100.0, 100.0, 93.3, 100.0, 93.3, 100.0, 100.0, 100.0, 93.3, 100.0, 100.0, 100.0, 100.0, 100.0, 100.0, 100.0, 93.3, 100.0, 100.0, 100.0, 100.0, 93.3, 100.0, 93.3, 100.0, 100.0, 100.0, 100.0, 100.0, 100.0, 100.0, 100.0, 100.0, 100.0, 100.0, 100.0, 100.0, 100.0, 100.0, 100.0, 100.0, 100.0, 100.0, 100.0, 100.0, 100.0, 93.3, 100.0, 100.0, 100.0, 100.0, 100.0, 100.0, 100.0, 100.0, 100.0, 100.0, 100.0, 100.0, 100.0, 100.0, 93.3, 100.0, 100.0, 100.0, 100.0, 100.0, 100.0, 100.0, 100.0, 100.0, 93.3, 100.0, 100.0, 100.0, 100.0, 100.0, 100.0, 100.0, 100.0, 100.0
Removing [0/160] Turkers with scores []
Needed: 2 
Done: [2 2 2 2 2 2 2 2 2 2 2 2 2 2 2 2 2 2 2 2 2 2 2 2 2 2 2 2 2 2 2 2 2 2 2 2 2
 2 2 2 2 2 2 2 2 2 2 2 2 2 2 2 2 2 2 2 2 2 2 2 2 2 2 2 2 2 2 2 2 2 2 2 2 2
 2 2 2 2 2 2]
Not Done: [0 0 0 0 0 0 0 0 0 0 0 0 0 0 0 0 0 0 0 0 0 0 0 0 0 0 0 0 0 0 0 0 0 0 0 0 0
 0 0 0 0 0 0 0 0 0 0 0 0 0 0 0 0 0 0 0 0 0 0 0 0 0 0 0 0 0 0 0 0 0 0 0 0 0
 0 0 0 0 0 0]
Writing ./results2f.csv ==> results2f_pass.csv
Writing ./results2f.csv ==> results2f_fail.csv
Writing ./mix_mit5k_vgg_64.csv ==> mix_mit5k_vgg_64_results2f_rem0.csv
