Sentinel scores: 100.0, 100.0, 100.0, 100.0, 100.0, 86.7, 100.0, 100.0, 93.3, 100.0, 100.0, 86.7, 100.0, 100.0, 100.0, 100.0, 66.7, 100.0, 100.0, 100.0, 100.0, 100.0, 100.0, 100.0, 86.7, 80.0, 100.0, 100.0, 100.0, 100.0, 100.0, 93.3, 100.0, 100.0, 100.0, 100.0, 100.0, 100.0, 100.0, 80.0, 100.0, 93.3, 100.0, 100.0, 100.0, 100.0, 86.7, 100.0, 100.0, 100.0, 100.0, 93.3, 100.0, 100.0, 100.0, 100.0, 100.0, 100.0, 100.0, 100.0, 100.0, 93.3, 100.0, 86.7, 86.7, 33.3, 100.0, 100.0, 86.7, 86.7, 100.0, 80.0, 100.0, 100.0, 100.0, 93.3, 100.0, 93.3, 100.0, 53.3, 100.0, 93.3, 100.0, 93.3, 93.3, 53.3, 100.0, 100.0, 100.0, 100.0, 100.0, 100.0, 100.0, 86.7, 100.0, 100.0, 86.7, 86.7, 100.0, 93.3, 100.0, 86.7, 86.7, 93.3, 100.0, 100.0, 100.0, 93.3, 100.0, 100.0, 100.0, 100.0, 100.0, 100.0, 100.0, 93.3, 100.0, 100.0, 66.7, 100.0, 100.0, 93.3, 100.0, 93.3, 100.0, 100.0, 100.0, 100.0, 100.0, 100.0, 100.0, 100.0, 100.0, 53.3, 100.0, 100.0, 100.0, 100.0, 100.0, 100.0, 100.0, 100.0, 100.0, 100.0, 100.0, 100.0, 100.0, 80.0, 93.3, 100.0, 100.0, 100.0, 100.0, 100.0, 100.0, 100.0, 86.7, 100.0, 100.0, 86.7
Removing [25/160] Turkers with scores [86.7, 86.7, 66.7, 86.7, 80.0, 80.0, 86.7, 86.7, 86.7, 33.3, 86.7, 86.7, 80.0, 53.3, 53.3, 86.7, 86.7, 86.7, 86.7, 86.7, 66.7, 53.3, 80.0, 86.7, 86.7]
Needed: 2 
Done: [2 2 1 2 2 1 2 2 1 2 2 2 0 2 2 2 2 2 2 1 2 2 2 1 2 2 2 2 2 2 2 1 0 2 0 1 2
 2 2 1 2 2 1 2 2 2 1 2 0 2 1 1 2 2 2 2 2 2 2 1 2 2 2 2 2 2 1 2 2 2 2 2 2 1
 2 2 2 2 1 1]
Not Done: [0 0 1 0 0 1 0 0 1 0 0 0 2 0 0 0 0 0 0 1 0 0 0 1 0 0 0 0 0 0 0 1 2 0 2 1 0
 0 0 1 0 0 1 0 0 0 1 0 2 0 1 1 0 0 0 0 0 0 0 1 0 0 0 0 0 0 1 0 0 0 0 0 0 1
 0 0 0 0 1 1]
Writing ./results0f.csv ==> results0f_pass.csv
Writing ./results0f.csv ==> results0f_fail.csv
Writing ./mix_mit5k_vgg_64.csv ==> mix_mit5k_vgg_64_results0f_rem25.csv
